474951          
474958          
474975          
474980          
474994          
475000          
475034          
475047          
475068          
475072          
475073          
475078          
475111          
475112          
475118          
475135          
475144          
475200          
475204          
475220          
475259          
475288          
475291          
475312          
475331          
475386          
475391          
475410          
475440          
475465          
475478          
475480          
475491          
475523          
475553          
475557          
475569          
475570          
475581          
475583          
475617          
475619          
475636          
475666          
475678          
475684          
475690          
475695          
475706          
475712          
475718          
475725          
475732          
475734          
475758          
475792          
475794          
475820          
475821          
475859          
475860          
475943          
475944          
475947          
475956          
475958          
475961          
475976          
475982          
476039          
476042          
476044          
476050          
476052          
476058          
476074          
476088          
476121          
476123          
476137          
476190          
476198          
476199          
476210          
476239          
476268          
476273          
476287          
476288          
476300          
476313          
476324          
476326          
476334          
476337          
476339          
476342          
476345          
476346          
476377          
476399          
476407          
476409          
476410          
476413          
476424          
476437          
476452          
476476          
476484          
476510          
476528          
476530          
476534          
476546          
476562          
476567          
476589          
476611          
476623          
476633          
476637          
476651          
476655          
476673          
476677          
476694          
476705          
476709          
476721          
476723          
476729          
476741          
476750          
476761          
476776          
476784          
476787          
476790          
476792          
476810          
476836          
476837          
476839          
476853          
476856          
476857          
476871          
476873          
476874          
476895          
476897          
476915          
476917          
476922          
476939          
476940          
476948          
476986          
476989          
476991          
476995          
476999          
477001          
477014          
477016          
477045          
477048          
477055          
477056          
477065          
477081          
477085          
477087          
477090          
477104          
477106          
477107          
477108          
477127          
477129          
477145          
477147          
477153          
477156          
477158          
477166          
477168          
477172          
477178          
477182          
477196          
477202          
477208          
477216          
477225          
477246          
477252          
477263          
477271          
477298          
477309          
477316          
477336          
477352          
477381          
477398          
477402          
477423          
477436          
477452          
477456          
477465          
477472          
477521          
477525          
477544          
477553          
477558          
477565          
477569          
477580          
477582          
477592          
477600          
477604          
477634          
477635          
477642          
477657          
477660          
477674          
477701          
477703          
477709          
477720          
477727          
477738          
477751          
477763          
477765          
477768          
477769          
477798          
477800          
477810          
477863          
477870          
477889          
477892          
477893          
477901          
477904          
477909          
477913          
477918          
477926          
477929          
477930          
477933          
477944          
477959          
477981          
477985          
478009          
478027          
478031          
478035          
478039          
478084          
478102          
478126          
478138          
478140          
478153          
478157          
478158          
478172          
478176          
478195          
478214          
478219          
478224          
478227          
478236          
478240          
478249          
478250          
478257          
478259          
478261          
478262          
478274          
478291          
478310          
478316          
478317          
478335          
478337          
478340          
478349          
478350          
478351          
478385          
478395          
478399          
478410          
478422          
478429          
478439          
478458          
478460          
478469          
478479          
478494          
478505          
478511          
478531          
478539          
478548          
478564          
478579          
478587          
478590          
478595          
478601          
478611          
478615          
478623          
478626          
478633          
478642          
478660          
478663          
478685          
478689          
478702          
478722          
478734          
478756          
478757          
478764          
478770          
478780          
478794          
478799          
478811          
478813          
478821          
478830          
478836          
478842          
478843          
478856          
478865          
478887          
478891          
478901          
478919          
478926          
478936          
478942          
478958          
478963          
478987          
479008          
479024          
479026          
479047          
479078          
479081          
479099          
479102          
479107          
479112          
479127          
479137          
479146          
479156          
479161          
479177          
479184          
479192          
479202          
479218          
479220          
479225          
479247          
479260          
479261          
479288          
479290          
479299          
479307          
479319          
479320          
479322          
479324          
479325          
479348          
479350          
479352          
479353          
479356          
479372          
479373          
479377          
479394          
479395          
479404          
479414          
479418          
479440          
479457          
479472          
479483          
479484          
479492          
479506          
479509          
479523          
479527          
479529          
479536          
479547          
479564          
479571          
479577          
479578          
479580          
479587          
479591          
479594          
479613          
479620          
479623          
479635          
479637          
479652          
479672          
479678          
479698          
479707          
479713          
479717          
479760          
479761          
479778          
479784          
479786          
479794          
479798          
479809          
479828          
479832          
479844          
479849          
479850          
479858          
479907          
479913          
479929          
479931          
479935          
479940          
479952          
479956          
479969          
479971          
479981          
479985          
479998          
479999          
480004          
480012          
480017          
480024          
480025          
480029          
480034          
480056          
480059          
480062          
480069          
480073          
480077          
480079          
480106          
480112          
480114          
480124          
480135          
480148          
480152          
480154          
480179          
480185          
480196          
480205          
480217          
480237          
480240          
480255          
480260          
480283          
480299          
480306          
480318          
480324          
480328          
480330          
480367          
480371          
480375          
480381          
480391          
480396          
480430          
480437          
480447          
480448          
480450          
480455          
480484          
480486          
480489          
480491          
480496          
480509          
480510          
480523          
480532          
480539          
480544          
480551          
480568          
480574          
480575          
480603          
480611          
480614          
480622          
480626          
480627          
480631          
480641          
480656          
480673          
480675          
480681          
480685          
480689          
480699          
480700          
480701          
480709          
480715          
480723          
480736          
480737          
480743          
480754          
480768          
480795          
480816          
480827          
480836          
480852          
480853          
480862          
480864          
480867          
480870          
480882          
480886          
480891          
480898          
480902          
480904          
480906          
480909          
480914          
480915          
480923          
480925          
480927          
480940          
480947          
480976          
480977          
480982          
480991          
480992          
481005          
481015          
481030          
481032          
481040          
481044          
481064          
481067          
481068          
481074          
481075          
481078          
481093          
481105          
481108          
481109          
481113          
481122          
481131          
481150          
481181          
481183          
481184          
481185          
481190          
481194          
481195          
481208          
481213          
481216          
481222          
481224          
481228          
481231          
481233          
481234          
481242          
481262          
481263          
481268          
481290          
481291          
481294          
481300          
481308          
481310          
481312          
481319          
481322          
481340          
481344          
481345          
481352          
481357          
481363          
481376          
481385          
481400          
481402          
481406          
481409          
481422          
481423          
481427          
481432          
481437          
481440          
481451          
481452          
481456          
481459          
481462          
481464          
481472          
481477          
481499          
481507          
481510          
481519          
481536          
481539          
481551          
481555          
481560          
481570          
481578          
481583          
481596          
481603          
481607          
481608          
481609          
481612          
481631          
481643          
481681          
481687          
481695          
481721          
481728          
481737          
481741          
481742          
481744          
481748          
481756          
481757          
481766          
481778          
481779          
481792          
481801          
481806          
481811          
481812          
481816          
481817          
481830          
481833          
481834          
481837          
481848          
481861          
481875          
481887          
481900          
481904          
481907          
481908          
481919          
481924          
481932          
481933          
481941          
481944          
481945          
481955          
481956          
481966          
481979          
481980          
481981          
481994          
481996          
481998          
482026          
482033          
482042          
482054          
482057          
482060          
482063          
482069          
482071          
482083          
482092          
482111          
482117          
482119          
482146          
482150          
482152          
482160          
482164          
482170          
482191          
482199          
482205          
482210          
482219          
482223          
482224          
482229          
482230          
482235          
482240          
482247          
482249          
482253          
482274          
482291          
482304          
482317          
482322          
482327          
482332          
482335          
482337          
482350          
482351          
482353          
482355          
482357          
482363          
482364          
482367          
482376          
482377          
482381          
482393          
482395          
482396          
482399          
482409          
482418          
482423          
482433          
482436          
482439          
482451          
482472          
482476          
482486          
482489          
482497          
482513          
482521          
482528          
482531          
482538          
482542          
482547          
482558          
482563          
482573          
482574          
482579          
482580          
482591          
482593          
482596          
482599          
482600          
482616          
482626          
482633          
482637          
482638          
482641          
482649          
482655          
482658          
482669          
482688          
482691          
482695          
482699          
482702          
482707          
482712          
482714          
482718          
482719          
482729          
482731          
482748          
482767          
482777          
482780          
482783          
482800          
482806          
482818          
482832          
482835          
482843          
482857          
482877          
482879          
482883          
482884          
482895          
482906          
482913          
482918          
482922          
482927          
482930          
482944          
482954          
482956          
482960          
482969          
482976          
482982          
482985          
482996          
483000          
483002          
483004          
483006          
483021          
483022          
483038          
483040          
483048          
483053          
483058          
483063          
483064          
483068          
483069          
483072          
483091          
483140          
483151          
483154          
483168          
483169          
483173          
483174          
483176          
483177          
483178          
483184          
483187          
483194          
483195          
483197          
483201          
483203          
483206          
483215          
483218          
483235          
483240          
483242          
483268          
483271          
483277          
483281          
483298          
483314          
483316          
483320          
483332          
483344          
483346          
483350          
483353          
483358          
483361          
483362          
483368          
483373          
483380          
483391          
483393          
483394          
483397          
483398          
483400          
483404          
483405          
483406          
483421          
483433          
483444          
483446          
483451          
483454          
483460          
483463          
483474          
483480          
483486          
483489          
483490          
483495          
483500          
483502          
483505          
483507          
483513          
483520          
483521          
483524          
483526          
483528          
483535          
483537          
483538          
483549          
483552          
483554          
483559          
483566          
483573          
483577          
483584          
483610          
483630          
483635          
483638          
483639          
483646          
483651          
483655          
483656          
483674          
483681          
483685          
483687          
483712          
483718          
483725          
483735          
483745          
483746          
483756          
483758          
483762          
483764          
483768          
483772          
483775          
483795          
483799          
483800          
483802          
483805          
483806          
483807          
483811          
483816          
483821          
483826          
483828          
483841          
483853          
483855          
483856          
483857          
483863          
483864          
483877          
483883          
483891          
483893          
483895          
483899          
483912          
483923          
483933          
483959          
483978          
483994          
484011          
484027          
484033          
484036          
484038          
484045          
484047          
484052          
484057          
484065          
484080          
484084          
484091          
484094          
484096          
484098          
484101          
484102          
484114          
484115          
484119          
484122          
484129          
484138          
484141          
484156          
484160          
484169          
484170          
484175          
484178          
484182          
484194          
484195          
484197          
484204          
484211          
484213          
484216          
484217          
484221          
484224          
484225          
484227          
484229          
484232          
484241          
484244          
484271          
484274          
484276          
484277          
484282          
484284          
484293          
484310          
484311          
484330          
484344          
484352          
484354          
484355          
484363          
484375          
484384          
484386          
484388          
484412          
484417          
484422          
484425          
484426          
484433          
484436          
484440          
484446          
484451          
484457          
484458          
484459          
484464          
484473          
484476          
484478          
484479          
484480          
484482          
484483          
484491          
484496          
484500          
484507          
484509          
484510          
484523          
484524          
484534          
484536          
484538          
484550          
484551          
484554          
484561          
484571          
484572          
484575          
484584          
484596          
484612          
484623          
484624          
484627          
484628          
484648          
484649          
484653          
484656          
484657          
484659          
484668          
484676          
484696          
484702          
484704          
484705          
484711          
484728          
484731          
484734          
484735          
484737          
484739          
484742          
484749          
484753          
484757          
484765          
484769          
484771          
484773          
484776          
484777          
484780          
484786          
484787          
484789          
484794          
484801          
484808          
484809          
484823          
484832          
484840          
484841          
484844          
484849          
484850          
484852          
484861          
484866          
484873          
484879          
484884          
484888          
484892          
484894          
484919          
484920          
484923          
484930          
484939          
484942          
484943          
484955          
484959          
484976          
484982          
484984          
484989          
485001          
485003          
485021          
485023          
485032          
485036          
485041          
485042          
485055          
485058          
485063          
485065          
485082          
485090          
485091          
485109          
485116          
485132          
485133          
485135          
485136          
485139          
485144          
485146          
485152          
485161          
485164          
485167          
485168          
485173