474952          
474959          
474976          
474979          
474981          
474995          
475001          
475035          
475048          
475069          
475071          
475073          
475079          
475112          
475113          
475136          
475145          
475222          
475232          
475246          
475268          
475292          
475313          
475325          
475392          
475408          
475413          
475466          
475479          
475492          
475524          
475554          
475558          
475570          
475572          
475584          
475600          
475618          
475620          
475637          
475667          
475679          
475685          
475707          
475719          
475726          
475731          
475733          
475736          
475743          
475769          
475793          
475795          
475797          
475821          
475860          
475861          
475877          
475881          
475907          
475932          
475944          
475945          
475948          
475957          
475958          
475959          
475962          
475977          
475983          
476040          
476046          
476072          
476075          
476089          
476122          
476139          
476144          
476191          
476199          
476201          
476212          
476269          
476288          
476301          
476325          
476327          
476340          
476344          
476346          
476352          
476389          
476400          
476410          
476412          
476425          
476482          
476522          
476529          
476532          
476535          
476547          
476563          
476580          
476638          
476652          
476656          
476658          
476675          
476679          
476693          
476695          
476710          
476722          
476724          
476730          
476742          
476762          
476790          
476793          
476811          
476840          
476854          
476858          
476874          
476875          
476896          
476898          
476900          
476910          
476916          
476940          
476941          
476949          
476987          
476992          
476996          
477000          
477002          
477006          
477016          
477017          
477049          
477056          
477057          
477082          
477086          
477090          
477092          
477105          
477107          
477108          
477112          
477128          
477130          
477146          
477154          
477157          
477159          
477168          
477169          
477175          
477197          
477199          
477209          
477218          
477233          
477247          
477261          
477265          
477272          
477282          
477299          
477308          
477310          
477318          
477336          
477337          
477343          
477353          
477382          
477403          
477424          
477441          
477448          
477457          
477473          
477507          
477523          
477526          
477527          
477545          
477559          
477561          
477566          
477570          
477580          
477582          
477583          
477593          
477600          
477602          
477606          
477610          
477636          
477658          
477675          
477703          
477705          
477722          
477728          
477762          
477764          
477766          
477769          
477799          
477801          
477864          
477893          
477894          
477899          
477902          
477905          
477914          
477930          
477931          
477934          
477983          
477986          
477988          
478010          
478028          
478036          
478066          
478103          
478128          
478142          
478153          
478154          
478158          
478159          
478173          
478178          
478196          
478204          
478215          
478225          
478237          
478242          
478250          
478259          
478260          
478262          
478263          
478275          
478292          
478309          
478311          
478335          
478336          
478338          
478341          
478352          
478358          
478376          
478386          
478401          
478411          
478430          
478436          
478442          
478448          
478461          
478466          
478495          
478506          
478512          
478565          
478588          
478602          
478612          
478618          
478626          
478628          
478644          
478649          
478661          
478687          
478703          
478760          
478765          
478776          
478781          
478795          
478813          
478822          
478837          
478866          
478875          
478889          
478903          
478920          
478928          
478959          
478988          
479027          
479048          
479080          
479102          
479138          
479155          
479157          
479178          
479185          
479194          
479203          
479227          
479238          
479257          
479260          
479261          
479262          
479289          
479298          
479308          
479320          
479321          
479323          
479325          
479331          
479349          
479353          
479373          
479374          
479378          
479395          
479405          
479415          
479419          
479441          
479450          
479460          
479467          
479480          
479483          
479484          
479485          
479493          
479496          
479531          
479548          
479552          
479567          
479581          
479589          
479610          
479622          
479627          
479636          
479640          
479656          
479673          
479689          
479699          
479708          
479710          
479715          
479761          
479779          
479785          
479787          
479833          
479839          
479850          
479864          
479897          
479908          
479923          
479931          
479932          
479935          
479936          
479942          
479957          
479967          
479972          
479982          
479999          
480005          
480018          
480021          
480025          
480037          
480057          
480061          
480063          
480070          
480080          
480085          
480088          
480113          
480116          
480123          
480125          
480149          
480153          
480180          
480218          
480238          
480261          
480273          
480284          
480307          
480325          
480329          
480331          
480354          
480368          
480372          
480377          
480382          
480396          
480397          
480398          
480431          
480438          
480445          
480448          
480449          
480451          
480481          
480486          
480493          
480510          
480514          
480524          
480540          
480546          
480575          
480616          
480617          
480623          
480627          
480651          
480658          
480674          
480676          
480683          
480700          
480701          
480702          
480712          
480716          
480723          
480738          
480770          
480796          
480835          
480837          
480840          
480846          
480853          
480854          
480860          
480864          
480870          
480874          
480883          
480886          
480887          
480893          
480906          
480907          
480908          
480915          
480916          
480928          
480935          
480941          
480948          
480977          
480979          
480983          
480992          
480993          
481032          
481033          
481041          
481054          
481065          
481068          
481070          
481075          
481109          
481110          
481111          
481115          
481122          
481123          
481133          
481137          
481152          
481182          
481184          
481186          
481191          
481209          
481214          
481219          
481223          
481225          
481229          
481232          
481235          
481263          
481264          
481268          
481269          
481291          
481295          
481311          
481313          
481317          
481320          
481323          
481341          
481353          
481359          
481365          
481387          
481390          
481403          
481406          
481408          
481412          
481423          
481424          
481441          
481452          
481455          
481457          
481463          
481466          
481511          
481520          
481525          
481552          
481557          
481564          
481571          
481579          
481585          
481606          
481608          
481609          
481610          
481613          
481644          
481669          
481682          
481696          
481721          
481722          
481749          
481755          
481757          
481758          
481775          
481779          
481793          
481812          
481817          
481818          
481831          
481834          
481849          
481862          
481874          
481888          
481901          
481906          
481908          
481909          
481925          
481933          
481941          
481942          
481945          
481946          
481955          
481957          
481980          
481981          
481982          
481993          
481998          
482028          
482035          
482055          
482058          
482062          
482064          
482073          
482084          
482093          
482101          
482102          
482112          
482120          
482147          
482151          
482154          
482161          
482165          
482171          
482174          
482211          
482216          
482220          
482233          
482236          
482241          
482249          
482256          
482275          
482291          
482292          
482305          
482321          
482329          
482333          
482337          
482339          
482351          
482355          
482366          
482377          
482382          
482395          
482396          
482397          
482400          
482410          
482419          
482424          
482454          
482473          
482477          
482485          
482504          
482507          
482522          
482528          
482532          
482544          
482548          
482564          
482581          
482594          
482598          
482600          
482602          
482618          
482642          
482646          
482657          
482660          
482667          
482671          
482689          
482690          
482713          
482730          
482733          
482749          
482775          
482778          
482781          
482785          
482804          
482809          
482817          
482843          
482844          
482855          
482859          
482879          
482884          
482886          
482921          
482923          
482929          
482932          
482955          
482965          
482986          
483001          
483022          
483041          
483051          
483060          
483064          
483065          
483106          
483148          
483153          
483155          
483168          
483170          
483173          
483175          
483177          
483178          
483179          
483186          
483188          
483195          
483197          
483206          
483207          
483242          
483269          
483273          
483282          
483303          
483313          
483317          
483345          
483347          
483353          
483361          
483362          
483374          
483398          
483400          
483401          
483404          
483406          
483407          
483422          
483445          
483450          
483461          
483464          
483475          
483481          
483490          
483492          
483496          
483501          
483521          
483522          
483525          
483528          
483531          
483538          
483539          
483551          
483553          
483555          
483568          
483574          
483578          
483613          
483631          
483636          
483639          
483640          
483646          
483656          
483670          
483675          
483680          
483682          
483687          
483689          
483698          
483701          
483713          
483719          
483737          
483746          
483747          
483761          
483763          
483764          
483767          
483773          
483794          
483801          
483803          
483806          
483807          
483809          
483828          
483829          
483857          
483864          
483879          
483889          
483913          
483920          
483924          
483942          
483957          
483990          
483994          
483995          
484020          
484034          
484038          
484040          
484047          
484051          
484057          
484059          
484067          
484071          
484075          
484081          
484084          
484093          
484096          
484098          
484105          
484114          
484119          
484120          
484123          
484139          
484143          
484157          
484161          
484170          
484200          
484205          
484214          
484217          
484222          
484225          
484226          
484227          
484232          
484243          
484247          
484276          
484277          
484284          
484285          
484295          
484333          
484344          
484345          
484353          
484357          
484365          
484379          
484381          
484385          
484388          
484389          
484405          
484418          
484426          
484434          
484440          
484446          
484447          
484453          
484458          
484459          
484465          
484473          
484476          
484479          
484480          
484482          
484484          
484497          
484501          
484503          
484508          
484509          
484510          
484524          
484526          
484537          
484545          
484551          
484552          
484556          
484563          
484572          
484574          
484577          
484597          
484613          
484616          
484624          
484627          
484649          
484650          
484654          
484657          
484661          
484678          
484680          
484699          
484703          
484705          
484707          
484712          
484730          
484735          
484736          
484741          
484743          
484746          
484755          
484763          
484767          
484772          
484778          
484782          
484785          
484789          
484790          
484806          
484807          
484809          
484814          
484832          
484834          
484840          
484844          
484848          
484849          
484850          
484864          
484876          
484880          
484883          
484884          
484885          
484887          
484893          
484895          
484905          
484917          
484920          
484921          
484924          
484932          
484945          
484956          
484960          
484967          
484984          
484985          
484989          
484990          
485002          
485006          
485014          
485024          
485033          
485040          
485048          
485055          
485056          
485065          
485067          
485083          
485086          
485091          
485092          
485106          
485119          
485133          
485141          
485146          
485149          
485157          
485159          
485165          
485168          
485169          
485175