475027
475038
475079
475087
475113
475116
475120
475125
475145
475346
475392
475549
475572
475575
475584
475628
475634
475691
475701
475822
475869
475900
475945
476046
476047
476053
476107
476124
476196
476269
476336
476343
476383
476468
476477
476482
476500
476547
476558
476591
476686
476878
477066
477130
477159
477301
477353
477382
477648
477652
477661
477675
477683
477700
477748
477791
477795
477799
477817
477882
477924
477931
477945
478036
478058
478068
478180
478237
478263
478292
478331
478358
478370
478376
478430
478437
478442
478461
478495
478506
478513
478528
478565
478634
478638
478644
478721
478723
478778
478781
478857
478928
478993
479163
479199
479214
479302
479338
479389
479403
479502
479507
479531
479630
479710
479984
480065
480207
480265
480276
480393
480422
480432
480433
480493
480567
480576
480589
480658
480738
480799
480803
480818
480935
480948
480979
480981
480983
480996
481140
481201
481219
481289
481303
481359
481378
481392
481428
481508
481577
481595
481648
481689
481692
481755
481877
481942
482040
482068
482103
482165
482174
482225
482308
482324
482366
482403
482461
482487
482496
482499
482501
482544
482560
482578
482581
482642
482678
482716
482763
482817
482833
482870
482934
482939
482970
482981
483016
483106
483107
483125
483200
483254
483285
483428
483468
483496
483499
483539
483544
483586
483604
483607
483621
483650
483652
483658
483666
483740
483789
483794
483879
483892
483925
483930
483968
484013
484016
484029
484081
484143
484183
484214
484385
484389
484441
484517
484581
484602
484664
484693
484736
484755
484767
484795
484857
484953
484990
484994
485025
485072
485076
485089
485102
485119
485157
485169 