475027
475038
475046
475087
475113
475120
475125
475145
475225
475346
475392
475403
475549
475572
475575
475584
475628
475652
475671
475701
475778
475779
475811
475869
475887
475900
475902
475945
475963
476046
476053
476075
476107
476124
476195
476196
476227
476269
476290
476336
476343
476400
476425
476466
476477
476482
476500
476529
476547
476558
476568
476591
476657
476679
476905
476987
477105
477109
477130
477159
477235
477301
477339
477353
477382
477445
477478
477496
477631
477659
477675
477683
477700
477730
477748
477766
477791
477811
477817
477839
477882
477924
477925
477931
478036
478058
478068
478180
478215
478237
478263
478292
478331
478358
478376
478437
478456
478461
478495
478506
478513
478519
478565
478610
478634
478679
478721
478723
478778
478781
478857
478928
478937
478959
478993
478994
479151
479199
479213
479214
479291
479308
479338
479403
479415
479502
479507
479524
479549
479630
479641
479730
479752
479880
479889
479984
480065
480158
480160
480207
480354
480374
480400
480422
480432
480433
480567
480589
480658
480686
480738
480803
480843
480935
480948
480981
480996
481006
481140
481188
481196
481201
481219
481303
481359
481378
481508
481595
481606
481610
481617
481648
481674
481689
481692
481700
481755
481789
481849
481877
481906
481942
481963
482001
482040
482068
482103
482171
482174
482206
482225
482324
482366
482487
482496
482501
482508
482560
482566
482581
482589
482642
482716
482744
482763
482833
482870
482893
482929
482934
482939
482946
482968
482970
482971
483016
483093
483106
483107
483127
483253
483254
483285
483428
483496
483499
483522
483539
483544
483555
483604
483621
483652
483740
483794
483822
483892
483924
483930
484013
484016
484029
484081
484172
484183
484205
484214
484385
484441
484556
484581
484602
484664
484680
484693
484755
484767
484857
484953
484954
484994
485011
485024
485054
485072
485076
485089
485099
485102
485119
485157
485169